
6333.200000047684
2497.7000000476837
2415.399999976158
2502.2999999523163
2364.2000000476837
2522.8000000715256
2416.9000000953674
2440.100000023842
3460.399999976158
2469.8000000715256
2398.2000000476837
2496.4000000953674
2466.1999999284744
2421.899999976158
2401.2000000476837
2369
2399.399999976158
2465.2000000476837
2366.2999999523163
2552.5
2362.600000023842
2555
2468.5
2650.100000023842
2445.8000000715256
2444.7999999523163
2359.399999976158
2496.0999999046326
2427.2000000476837
2523.399999976158
2412.399999976158
2494
2309.7999999523163
2615.7000000476837
2384.2999999523163
2670.600000023842
2356.2999999523163
2508.7000000476837
2509.2000000476837
2521.899999976158
2303.7999999523163
2450
2366.8000000715256
2433.600000023842
2420.2000000476837
2377.2999999523163
2384.2000000476837
2287.899999976158
2349.7000000476837
2368.1999999284744
2397.5
2352.2000000476837
2430.600000023842
2348.8000000715256
2580
2487
2437.2000000476837
2449
2434
2350.7000000476837

2859.8000000715256
2516.399999976158
2505
2373
2406.1999999284744
2439.2999999523163
2425.100000023842
2589
2398
2443.3000000715256
2514
2546.600000023842
2486.399999976158
2399.7000000476837
2492.899999976158
2417.899999976158
2444.600000023842
2556.899999976158
2414.600000023842
2708.5999999046326
2404.899999976158
2574.2999999523163
2458.600000023842
2603.899999976158
2481.2999999523163
2480.5
2535.8000000715256
2392.9000000953674
2461.2000000476837
2493.3000000715256
2455.899999976158
2478.899999976158
2415.2999999523163
2431.600000023842
2441.7000000476837
2514.3000000715256
2363.2000000476837
2408
2308.2999999523163
2517.8000000715256
2951.399999976158
2867.7999999523163