
94
94
94.10000002384186
93.09999990463257
92.5
84.69999992847443
99.89999997615814
105.89999997615814
95.60000002384186
85.20000004768372
97.90000009536743
94.90000009536743
90
84
92
84.89999997615814
85.29999995231628
88
98
84.59999990463257
97.89999997615814
105.29999995231628
92.60000002384186
98.10000002384186
91.80000007152557
102.89999997615814
83.89999997615814
92.60000002384186
88
96.20000004768372
105.19999992847443
92.80000007152557
91.59999990463257
91.20000004768372
96.40000009536743
83.40000009536743
110.09999990463257
83.5
89.79999995231628
90.80000007152557
102.5
89.79999995231628
92
84.40000009536743
84.90000009536743
93.70000004768372
92.70000004768372
107.59999990463257
96.60000002384186
88
100
104.79999995231628
94.5
94
98.60000002384186
85.09999990463257
84.79999995231628
84.89999997615814
94.5
97.80000007152557
114.60000002384186
2859.100000023842
104.69999992847443
89.20000004768372
99.79999995231628
86.69999992847443
94.20000004768372
96.89999997615814
93.79999995231628
83.30000007152557
106.5
87.30000007152557
88.39999997615814
95.19999992847443
85.10000002384186
87.30000007152557
92.79999995231628
88.10000002384186
87.60000002384186
94.70000004768372
86.70000004768372
88.5
98.20000004768372
91.89999997615814
108.30000007152557
94.39999997615814
97.20000004768372
88.60000002384186
108.5
85.59999990463257
89.79999995231628
98.60000002384186
86.69999992847443
87.5
96.5
88.10000002384186
86.80000007152557
98.30000007152557
83.5
95.70000004768372
98.19999992847443
117.79999995231628
151.30000007152557