
576.2999999523163
79.80000007152557
77.70000004768372
79.60000002384186
94.5
94.29999995231628
89.20000004768372
83.5
99.5
84
71
78.40000009536743
82.89999997615814
85.29999995231628
64.89999997615814
84.70000004768372
75.09999990463257
90.79999995231628
83
88.20000004768372
89.5
81.29999995231628
85.60000002384186
82.89999997615814
95.60000002384186
64.19999992847443
96.10000002384186
81.89999997615814
84
89
76
98.89999997615814
66.80000007152557
87.80000007152557
62.200000047683716
92
66
91.60000002384186
85.10000002384186
90.59999990463257
63.39999997615814
92.29999995231628
65.5
90.30000007152557
83.10000002384186
64.39999997615814
83.60000002384186
68.60000002384186
76.29999995231628
77
92.20000004768372
62
78.39999997615814
76.10000002384186
89.30000007152557
76.5
73.20000004768372
83.40000009536743
76.10000002384186
71.60000002384186

98.19999992847443
90.39999997615814
81
67.60000002384186
79
87.09999990463257
68.60000002384186
94
86.10000002384186
67.29999995231628
83.19999992847443
90.60000002384186
65.70000004768372
85.89999997615814
82.29999995231628
74.60000002384186
80.69999992847443
87.39999997615814
69.89999997615814
83.30000007152557
85.69999992847443
66.60000002384186
80
87.89999997615814
64.89999997615814
92.40000009536743
85.5
59
80.70000004768372
94.39999997615814
60.199999928474426
95.10000002384186
76.90000009536743
64.70000004768372
84.40000009536743
94.89999997615814
64.79999995231628
190.89999997615814
78.89999997615814
73.29999995231628
114.70000004768372
75.70000004768372