
230.39999997615814
244.59999990463257
168.90000009536743
187.10000002384186
195.5
175.80000007152557
177
178.89999997615814
436.6999999284744
179.60000002384186
167.59999990463257
167
165.39999997615814
165.39999997615814
172.89999997615814
183.39999997615814
165.20000004768372
204.5
173.70000004768372
192.89999997615814
182.5
178.40000009536743
182.60000002384186
172.80000007152557
183.20000004768372
165.29999995231628
164.5
169.5
162.29999995231628
178.69999992847443
170.20000004768372
160.90000009536743
167.5
161.5
171.90000009536743
159
175.29999995231628
189.5
180.60000002384186
194.89999997615814
172.30000007152557
175.80000007152557
165.39999997615814
168.89999997615814
160.89999997615814
164.59999990463257
171.30000007152557
161.59999990463257
169
161.69999992847443
169.60000002384186
167.5
162.80000007152557
169.10000002384186
168.59999990463257
173.70000004768372
165.60000002384186
166.59999990463257
159.79999995231628
168.5

180.10000002384186
187
168.10000002384186
171.89999997615814
166.69999992847443
188.89999997615814
178.20000004768372
190.60000002384186
170.69999992847443
181.89999997615814
183.70000004768372
190.20000004768372
188.80000007152557
175.29999995231628
169.10000002384186
186.60000002384186
166
186.29999995231628
170.5
165.29999995231628
167.89999997615814
166.89999997615814
165.5
171.5
188
179.39999997615814
168.5
169
172.10000002384186
173.70000004768372
169.29999995231628
164
166.90000009536743
167.5
182.30000007152557
177.69999992847443
164.89999997615814
178.20000004768372
161.30000007152557
203.89999997615814
176.29999995231628
181.80000007152557