
120.70000004768372
959.8999999761581
89
86.60000002384186
88.80000007152557
102.5
92.79999995231628
90.40000009536743
106.5
95.39999997615814
89.80000007152557
83.60000002384186
88.20000004768372
104.40000009536743
83.19999992847443
96.39999997615814
84.80000007152557
95.70000004768372
84.69999992847443
93.60000002384186
96.20000004768372
85.20000004768372
87.89999997615814
91.39999997615814
103.39999997615814
84.5
96.10000002384186
82
90.60000002384186
87.60000002384186
86.60000002384186
90.60000002384186
81.60000002384186
115.69999992847443
81.10000002384186
90.39999997615814
88.89999997615814
103.5
94.5
108
81.19999992847443
119.79999995231628
82.19999992847443
87.30000007152557
89.79999995231628
81.10000002384186
114.70000004768372
94.29999995231628
88.10000002384186
116.59999990463257
89.69999992847443
84.60000002384186
133.19999992847443
84.5
85.89999997615814
81.90000009536743
83.69999992847443
82.5
93.29999995231628
82.39999997615814

104.5
109
96.60000002384186
93
84.70000004768372
106.89999997615814
82.79999995231628
93.19999992847443
103.70000004768372
93
96.80000007152557
108.20000004768372
93.5
105.5
96.10000002384186
97.70000004768372
90.20000004768372
88.70000004768372
82.10000002384186
103.30000007152557
94.10000002384186
82.10000002384186
99.60000002384186
91
88.19999992847443
101.69999992847443
92.70000004768372
87.89999997615814
93.70000004768372
96.40000009536743
81
90.80000007152557
92.10000002384186
88.90000009536743
104.5
96.60000002384186
86
87.60000002384186
91.70000004768372
95.59999990463257
118.20000004768372
108.69999992847443